BACKGROUND 0.01 0.17 0.31
FILLED_RECTANGLE 1132 389 1328 389 1 0 0 0 1 1
BEZIER12 403 160 420 142 447 122 478 107 519 101 560 98 605 101 642 108 680 116 722 130 754 142 779 163 1 1 1
FILLED_CIRCLE 489 301 519 298 1 1 1 0.01 0.71 0.31
FILLED_CIRCLE 670 294 667 336 1 1 1 0.01 0.71 0.31
FILLED_TRIANGLE 504 198 561 196 562 241 1 1 1 0.01 0.71 0.31
BEZIER4 423 331 432 365 500 362 538 334 1 1 1
BEZIER5 634 357 661 375 711 372 735 339 736 313 1 1 1
FILLED_ELLIPSE 1117 455 118 186 1 0.588235 0 1 1 0
BEZIER6 967 553 953 574 925 560 895 563 876 570 860 551 1 0.151961 0.151961
BEZIER6 976 474 958 494 938 478 910 494 902 489 893 472 0.666667 0.0784314 0.0784314
BEZIER6 982 404 966 414 925 383 908 404 897 373 887 354 0.970588 0.305618 0.0285467
BEZIER6 1000 324 982 325 980 306 967 290 952 275 934 238 0.784314 0.599769 0
BEZIER5 1073 259 1044 242 1054 221 1032 204 1022 169 0.583333 0.323626 0.0314543
BEZIER5 1152 255 1128 223 1152 203 1113 180 1136 139 0.882353 0.648789 0
BEZIER6 1203 286 1201 248 1197 223 1199 192 1188 157 1207 108 0.970588 1 0
BEZIER7 1241 354 1261 340 1248 315 1244 304 1255 275 1243 260 1252 200 0.679354 0.745098 0
BEZIER5 969 595 952 599 931 605 903 601 853 612 1 0 0
