BACKGROUND 0.01 0.17 0.31
FILLED_TRIANGLE 120 315 155 315 120 353 1 1 1 0.01 0.71 0.31
FILLED_TRIANGLE 165 329 130 358 165 358 1 1 1 0.01 0.71 0.31
FILLED_TRIANGLE 187 317 216 336 189 357 1 1 1 0.01 0.71 0.31
FILLED_TRIANGLE 220 345 199 364 241 360 1 1 1 0.01 0.71 0.31
FILLED_TRIANGLE 245 320 227 335 245 353 1 1 1 0.01 0.71 0.31
FILLED_TRIANGLE 205 319 219 329 234 320 1 1 1 0.01 0.71 0.31
FILLED_TRIANGLE 256 358 276 344 274 366 1 1 1 0.01 0.71 0.31
FILLED_TRIANGLE 259 336 257 351 271 341 1 1 1 0.01 0.71 0.31
FILLED_TRIANGLE 258 329 272 319 272 334 1 1 1 0.01 0.71 0.31
FILLED_TRIANGLE 279 318 292 322 284 336 1 1 1 0.01 0.71 0.31
FILLED_TRIANGLE 299 323 293 340 315 337 1 1 1 0.01 0.71 0.31
FILLED_TRIANGLE 297 348 315 343 299 357 1 1 1 0.01 0.71 0.31
FILLED_TRIANGLE 299 374 314 377 304 391 1 1 1 0.01 0.71 0.31
FILLED_TRIANGLE 285 359 279 381 295 393 1 1 1 0.01 0.71 0.31
FILLED_TRIANGLE 406 314 359 392 493 321 1 1 1 0.01 0.71 0.31
FILLED_TRIANGLE 368 402 500 346 478 409 1 1 1 0.01 0.71 0.31
FILLED_TRIANGLE 558 302 538 370 643 392 1 1 1 0.01 0.71 0.31
FILLED_TRIANGLE 576 296 650 296 655 378 1 1 1 0.01 0.71 0.31
FILLED_TRIANGLE 255 177 378 243 527 167 1 1 1 0.01 0.71 0.31
FILLED_TRIANGLE 253 154 376 68 517 139 1 1 1 0.01 0.71 0.31
FILLED_TRIANGLE 128 248 176 250 168 289 1 1 1 0.01 0.71 0.31
FILLED_TRIANGLE 120 167 175 165 177 214 1 1 1 0.01 0.71 0.31
FILLED_TRIANGLE 137 119 173 99 174 142 1 1 1 0.01 0.71 0.31
FILLED_TRIANGLE 131 53 168 58 166 88 1 1 1 0.01 0.71 0.31
FILLED_TRIANGLE 110 67 73 109 111 94 1 1 1 0.01 0.71 0.31
FILLED_TRIANGLE 118 262 116 300 144 299 1 1 1 0.01 0.71 0.31
FILLED_TRIANGLE 102 186 101 223 152 225 1 1 1 0.01 0.71 0.31
FILLED_TRIANGLE 117 134 124 162 158 155 1 1 1 0.01 0.71 0.31
FILLED_TRIANGLE 58 75 83 72 57 106 1 1 1 0.01 0.71 0.31
FILLED_TRIANGLE 119 63 125 102 149 98 1 1 1 0.01 0.71 0.31
